%YAML:1.0

#--------------------------------------------------------------------------------------------
# Camera Parameters. Adjust them!
#--------------------------------------------------------------------------------------------

# Camera calibration and distortion parameters (OpenCV) 
Camera.fx: 212.13644650672174
Camera.fy: 211.83442736930851
Camera.cx: 212.85792707084315
Camera.cy: 119.22672412378104

Camera.k1: 0.0
Camera.k2: 0.0
Camera.p1: 0.0
Camera.p2: 0.0

Camera.width: 424
Camera.height: 240

# Camera frames per second 
Camera.fps: 15.0

# stereo baseline times fx
Camera.bf: 10.552633575

# Color order of the images (0: BGR, 1: RGB. It is ignored if images are grayscale)
Camera.RGB: 1

# Close/Far threshold. Baseline times.
ThDepth: 10

#--------------------------------------------------------------------------------------------
# Stereo Rectification. Only if you need to pre-rectify the images.
# Camera.fx, .fy, etc must be the same as in LEFT.P
#--------------------------------------------------------------------------------------------
LEFT.height: 240
LEFT.width: 424
LEFT.D: !!opencv-matrix
   rows: 1
   cols: 5
   dt: d
   data:[0.001815924628024654,-0.003536889067424245, 0.00022630014917458902, 0.00034350765436546427, 0.0]
LEFT.K: !!opencv-matrix
   rows: 3
   cols: 3
   dt: d
   data: [212.13644650672174, 0.0, 212.85792707084315, 0.0, 211.83442736930851, 119.22672412378104, 0.0, 0.0, 1.0]
LEFT.R:  !!opencv-matrix
   rows: 3
   cols: 3
   dt: d
   data: [1.0,0.0,0.0,0.0,1.0,0.0,0.0,0.0,1.0]
LEFT.P:  !!opencv-matrix
   rows: 3
   cols: 4
   dt: d
   data: [212.13644650672174, 0.0, 212.85792707084315, 0.0, 0.0, 211.83442736930851, 119.22672412378104, 0.0, 0.0, 0.0, 1.0, 0.0]

RIGHT.height: 240
RIGHT.width: 424
RIGHT.D: !!opencv-matrix
   rows: 1
   cols: 5
   dt: d
   data:[0.001687034338163458, -0.0060354459916252545, 0.00012577252164840973, 0.0007483892489335807, 0.0]
RIGHT.K: !!opencv-matrix
   rows: 3
   cols: 3
   dt: d
   data: [212.30128379180204, 0.0, 213.30176616322916, 0.0, 211.9969285584328, 119.8292890140387, 0.0, 0.0, 1.0]
RIGHT.R:  !!opencv-matrix
   rows: 3
   cols: 3
   dt: d
   data: [0.9999984394281675, -0.00019681756587670846, -0.0017556776652737978, 0.00019630620256663386, 0.9999999382661464, -0.00029143020943899167, 0.0017557349154735046, 0.00029108510422581635, 0.9999984163309248]
RIGHT.P:  !!opencv-matrix
   rows: 3
   cols: 4
   dt: d
   data: [2.126754538387835e+02, 0.020304344926771, 2.129286957415562e+02, -10.558878198420780, 0.252004778619409, 2.120317959921274e+02, 1.197673169348092e+02, 0.009390902425843, 0.001755734915474, 2.910851042258164e-04, 0.999998416330925, 9.166048605171994e-06]

#--------------------------------------------------------------------------------------------
# ORB Parameters
#--------------------------------------------------------------------------------------------

# ORB Extractor: Number of features per image
ORBextractor.nFeatures: 1200

# ORB Extractor: Scale factor between levels in the scale pyramid 	
ORBextractor.scaleFactor: 1.2

# ORB Extractor: Number of levels in the scale pyramid	
ORBextractor.nLevels: 8

# ORB Extractor: Fast threshold
# Image is divided in a grid. At each cell FAST are extracted imposing a minimum response.
# Firstly we impose iniThFAST. If no corners are detected we impose a lower value minThFAST
# You can lower these values if your images have low contrast			
ORBextractor.iniThFAST: 20
ORBextractor.minThFAST: 7

#--------------------------------------------------------------------------------------------
# Viewer Parameters
#--------------------------------------------------------------------------------------------
Viewer.KeyFrameSize: 0.05
Viewer.KeyFrameLineWidth: 1
Viewer.GraphLineWidth: 0.9
Viewer.PointSize:2
Viewer.CameraSize: 0.08
Viewer.CameraLineWidth: 3
Viewer.ViewpointX: 0
Viewer.ViewpointY: -0.7
Viewer.ViewpointZ: -1.8
Viewer.ViewpointF: 500

#--------------------------------------------------------------------------------------------
# Map Parapeters
#--------------------------------------------------------------------------------------------
Map.mapfile: map.bin
